6450135101
1049706906640791322
4198827626563165290
2960252450970497448
2617637767027213986
1247179031254080137
377030106588932644
1508120426355730576
1420795686995534403
1071496729554749710
4285986918218998842
3308889617593831658
4012186433520550827
2213687678800039599
4243064696772770493
3137200731808918261
3325430890380897237
4078351524668813143
2478348043393088861
690020136717579637
2760080546870318551
1816950150626498398
2656114584078605688
1401086299459646945
992659179411199876
3970636717644799504
2047488815297034304
3578269242760749314
478018915760833547
1912075663043334191
3036616633745948862
2923094498129019642
2469005955661302760
652651785790435232
2610607143161740928
1219056535792187905
264540124741363717
1058160498965454868
4232641995861819475
3095509928165114190
3158667675805680953